14,140
14,139
14,138
14,137
14,136
14,135
14,134
14,133
14,132
14,131
14,130
14,129
14,128
14,127
14,126
14,125
14,124
14,123
14,122
14,121
14,119
14,116
14,106
14,97
14,75
14,70
14,69
14,66
14,65
14,36
14,35
14,33
14,20
14,11
14,9
14,5
14,3
14,2
14,1
14,0
13,7
13,6
13,5
13,1
13,4
13,3
13,2
13,0
0,612
0,610
0,606
0,604
0,594
0,591
0,590
0,589
0,588
0,587
0,581
0,579
0,578
0,576
0,575
0,573
0,570
0,569
0,568
0,566
0,565
0,563
0,561
0,560
0,559
0,550
0,547
0,543
0,542
0,540
0,538
0,526
0,525
0,521
0,513
0,512
0,509
0,506
0,505
0,483
0,478
0,477
0,476
0,475
0,474
0,473
0,472
0,471
0,470
0,468
0,466
0,462
0,456
0,448
0,447
0,446
0,444
0,443
0,442
0,440
0,434
0,431
0,427
0,426
0,424
0,423
0,420
0,418
0,416
0,412
0,409
0,407
0,406
0,404
0,402
0,401
0,400
0,391
0,390
0,389
0,388
0,387
0,386
0,385
0,384
0,378
0,377
0,376
0,375
0,372
0,370
0,368
0,364
0,355
0,352
0,336
0,328
0,319
0,317
0,308
0,302
0,278
0,273
0,270
0,243
0,9
0,0
1488,34
1488,33
1488,32
1488,31
1488,30
1488,29
1488,28
1488,27
1488,26
1488,25
1488,24
1488,23
1488,22
1488,21
1488,20
1488,19
1488,18
1488,17
1488,16
1488,15
1488,14
1488,13
1488,12
1488,11
1488,10
1488,9
1488,8
1488,7
1488,6
1488,5
1488,4
1488,3
1488,2
1488,0
0,358
0,357
0,463
0,460
0,454
0,491
0,479
0,551
0,564
0,562
0,546
0,334
0,366
0,330
0,329
0,326
0,337
0,333
0,332
0,276
0,353
0,350
0,344
0,275
0,304
0,272
0,541
0,271
0,465
0,12
0,520
0,10
0,325
0,8
0,536
0,346
0,268
0,504
0,632
0,267
0,503
0,335
0,266
0,502
0,522
0,265
0,461
0,609
0,264
0,501
0,586
0,263
0,500
0,608
0,262
0,457
0,577
0,261
0,455
0,596
0,260
0,453
0,631
